0.31066244938998305        0.31
0.2877871110378825        0.25
0.22051916765852797        0.23
0.3910390373364813        0.44
0.3751993436143542        0.45
0.27666044255195105        0.27
0.2755674681833443        0.26
0.31542811229368006        0.33
0.2824436756904935        0.26
0.3283097157117378        0.35
0.29620181282974695        0.32
0.3210393691539365        0.31
0.3218152131674109        0.29
0.3758612273531602         0.4
0.2937234893779814        0.23
0.4073851335992024        0.46
0.24993864073088265        0.28
0.21531219533448037        0.21
0.27336608157447084         0.2
0.2878378239934991         0.3
0.30078631600051886         0.3
0.32335569940414455        0.36
0.2636059701909637        0.24
0.3694504338199677        0.44
0.327445694065132        0.34
0.2587849902611883        0.24
0.328505697491182        0.31
0.3191392699687855        0.21
0.3062473388246882        0.31
0.24776773997397475        0.25
0.27143599072470725        0.24
0.31366197404319845         0.4
0.3104149829087608        0.33
0.33929833866189035        0.34
0.23694410535878838        0.22
0.3170485083294961        0.32
0.33454107177381875        0.32
0.30041766854071417        0.32
0.34119106758639123        0.36
0.1360826859517336        0.16
0.36067745818440256        0.38
0.30945891174054185        0.33
0.3085539089693692        0.33
0.22476270481122412        0.24
0.39208982908155193        0.35
0.27063909982000234        0.26
0.2633125829440518        0.34
0.2669355042599062        0.27
0.24096666545640852         0.2
0.32811001959888814        0.31
0.3160169562538196         0.3
0.3705139481727071        0.39
0.2625462126787136        0.25
0.2672784495880026        0.25
0.32196902543950684         0.3
0.23591698159617752        0.22
0.34229114406852823        0.36
0.35893082182050184        0.32
0.2683387595589453        0.25
0.3286160177465865        0.33
0.15322640135986573        0.14
0.33611990770548517        0.37
0.2126049503496592        0.21
0.4150745297640796        0.42
0.22986144946119827        0.17
0.29367775875762653        0.28
0.29661317400198267        0.28
0.355743333785408        0.33
0.315516305417755         0.3
0.2911651669428034        0.28
0.294162301438136        0.27
0.18910980152245171        0.19
0.3114913103578157        0.29
0.27599546527748353        0.29
0.24946762916661888        0.22
0.3050235089915831        0.31
0.321131669486146        0.33
0.2296448214680544        0.25
0.3367097919431618        0.33
0.2360903141527911         0.2
0.2369205163232665        0.22
0.3474569475185025        0.34
0.3972252788798797        0.41
0.31311707009509626        0.31
0.3706759475745519        0.37
0.29104041946584275        0.31
0.2606366728217607        0.25
0.27518303155545915        0.28
0.34167671572276725        0.36
0.3754801692753639        0.41
0.23593740912168382        0.22
0.29035360011646394        0.29
0.3396281299030353        0.34
0.26394501552755595        0.26
0.28656427249308686        0.39
0.35596419580796396        0.37
0.3708507085478704        0.37
0.33123387925433867        0.39
0.2323572887060988        0.26
0.3262271377747205         0.4
0.3289351517929175        0.33
0.3574088176047237        0.36
0.25632805346046705        0.29
0.2686535681103949        0.28
0.24012396869833375        0.25
0.3520589979387175        0.34
0.2708567268011312        0.27
0.28567266049683854        0.34
0.21952130037485565        0.22
0.3228387907328586        0.32
0.3345631360778528        0.33
0.28304315341467823        0.27
0.22161021911415166        0.26
0.3246420040793004        0.32
0.11539324049437838        0.12
0.34456175655965726        0.33
0.2835605166762054        0.31
0.3495657028627205        0.31
0.4090319870308838        0.41
0.22722630195506596        0.22
0.2738892978298131        0.25
0.35639414905317923        0.35
0.280371411476064        0.26
0.17718936038860195        0.18
0.3573446699447507        0.37
0.1863948926400659        0.18
0.3085861333790761        0.32
0.26026754979556904        0.27
0.12316213264421244         0.1
0.28843150929563577        0.25
0.3285899509545038        0.31
0.3613157805086369        0.36
0.26452025712547855        0.25
0.24515837623908973        0.24
0.3099331892188332        0.31
0.27403878915980673         0.3
0.2825160690972773        0.29
0.2711594077860804        0.27
0.286578908321296        0.34
0.2391765513492097        0.19
0.31249401490761664        0.32
0.35568598573110555        0.33
0.36525565739675053        0.35
0.31904640466016976        0.29
0.246350390762161        0.21
0.2622855977209797        0.28
0.18074057253164896        0.18
0.22661953777408536        0.26
0.32639189111021444        0.32
0.35300715775465186        0.29
0.3385383861525008        0.33
0.37600381930824744        0.39
0.33026674952818996        0.33
0.3786615165339273        0.37
0.19726399604896877        0.18
0.3305894967413013        0.33
0.2499944587131982        0.25
0.2665773464996761        0.26
0.3260166848450135        0.32
0.2670586481162096        0.23
0.3293491996905964        0.34
0.36125114547742804        0.38
0.29865362948212937        0.31
0.2708763732096712         0.3
0.28851196803008766        0.31
0.3563333328026218        0.34
0.3309538961669592        0.28
0.29529075869470983        0.26
0.29778721636148586        0.32
0.40399342001628963        0.36
0.23049758964238123         0.3
0.1704153182583421        0.18
0.34449090629238815        0.38
0.2941848543738573        0.28
0.34381559122955296        0.33
0.3440862790095953        0.33
0.3423235314402998        0.34
0.3342286526599681        0.33
0.25534772585715093        0.24
0.26908648849569977        0.23
0.39245751172283505        0.38
0.24319044132316164        0.24
0.1989034656475256        0.17
0.32786475829813283        0.39
0.2846172470756704        0.35
0.25674744590002446         0.2
0.23236409756233956        0.23
0.24858576135034136        0.22
0.3230444708609605         0.4
0.2960013903266595        0.33
0.22440895040269354        0.21
0.3219744414155477        0.32
0.22150543476425444        0.21
0.29488183539861046        0.27
0.32187148974048185        0.31
0.3009554797392959        0.29
0.3340811239735365        0.34
0.31481564873866263        0.31
0.3478895539465775        0.34
0.32846980992181724        0.33
0.37661970539583783        0.34
0.3765967187177499        0.42
0.28810465252685086        0.27
0.3056473302120142        0.34
0.27029322149386287        0.29
0.3174287014404519        0.32
0.2573828993915319        0.23
0.3118104925166843        0.36
0.24444297076047106        0.25
0.24595484800667272        0.26
0.3271703681976652        0.38
0.23884296816843134        0.21
0.32011924954177856        0.29
0.29152098922520225        0.29
0.34190205896176107        0.35
0.23543169064697483        0.25
0.26841110258581         0.2
0.290257092404653        0.29
0.341186273440084        0.34
0.30472068452540907        0.29
0.3417764137397703        0.35
0.3135502340040983        0.31
0.3200361671830509         0.3
0.26826467731134374        0.27
0.3382304754551972        0.34
0.28651474357188683        0.29
0.3481871657468475        0.34
0.233307213436316        0.24
0.2611064746977303        0.25
0.2672930449681882        0.28
0.360015916711756        0.37
0.33673733391402577        0.33
0.2681427992880788        0.27
0.31912484511868866        0.32
0.2662404535041326        0.28
0.3100716008497979        0.33
0.2664714925848695        0.14
0.3334698427821786         0.3
0.36522512531382695        0.35
0.30688062960653806         0.3
0.35683922013825936        0.34
0.29673350837326556        0.25
0.2838053637700116        0.27
0.3203504508451158        0.38
0.29646869403819437        0.31
0.32832919859332615        0.32
0.3702593641008074        0.36
0.30398214386435435        0.29
0.32876209201664264        0.34
0.29891393615810136        0.35
0.29941790329024837        0.28
0.3207560987130337        0.33
0.3121185988833059        0.32
0.27570852411810504        0.25
0.3477202210536482        0.32
0.2989562792116416        0.26
0.25018209064881497        0.26
0.2747218638740194        0.28
0.38431957610349515        0.41
0.3238859836894211        0.36
0.252294138410678        0.24
0.29790646738296306        0.28
0.31616131988351925         0.3
0.33849867364471414        0.33
0.3104517966852626        0.34
0.3116104796929738         0.3
0.22819383884254577        0.23
0.2507111871906775        0.25
0.2459031210324502        0.28
0.3392938035898838        0.35
0.21258628584312478        0.19
0.3583833233277681        0.36
0.11418856367982756        0.09
0.3419012100435481        0.34
0.20617773401326525        0.21
0.3043022724784331        0.33
0.3836996397126395        0.37
0.34107984043979195        0.41
0.27723769293522826        0.26
0.29364592383476185        0.28
0.30295989146046165        0.29
0.29738944155114727        0.27
0.32226499602531317        0.36
0.33642535391747824        0.35
0.23884077520020872        0.25
0.3634929630400121        0.35
0.31795157351438225        0.32
0.32932636741496335        0.32
0.3304379682246589        0.34
0.2879519945512694        0.26
0.34174667964629535        0.34
0.25654585352377024        0.26
0.23872324498421243        0.24
0.26514979651663745        0.22
0.3204124342648117        0.31
0.3068642157098948        0.33
0.3719849821188919        0.38
0.3174645561251606        0.31
0.3068281559207717        0.32
0.37078014863559444        0.38
0.2721531460183426        0.27
0.2240478113353996        0.23
0.2034245168019233        0.14
0.25621891700620997        0.26
0.1971513197681019        0.17
0.24654052843365404        0.24
0.3245582996240386         0.3
0.34951958529137667        0.37
0.3751693318388493        0.41
0.31660663416793855         0.3
0.2983560108202096        0.24
0.24531618102789396        0.24
0.31680401038262723        0.28
0.3179860568396291        0.33
0.24641673518701085        0.27
0.3121150443732064         0.3
0.3013148879230776         0.3
0.23994444128668208        0.24
0.2142253824255169        0.24
0.4086594214752449        0.42
0.3128654307075948        0.39
0.3297688613920185        0.32
0.2294826490498363        0.19
0.3256642622358986        0.32
0.28691660640698324         0.3
0.33265852615303        0.33
0.337059917519872        0.33
0.24405622589980056        0.26
0.2992450597902886         0.3
0.24591294096265814        0.23
0.25451400877056407        0.27
0.34367838735896145        0.34
0.32783424144676737        0.34
0.2811449081969217        0.29
0.29735938194528994        0.26
0.34238819321699443        0.33
0.2980561460921019        0.28
0.35390905917034815        0.35
0.2765229735180858        0.29
0.28446302170923937        0.28
0.2506598614136212        0.24
0.3352732313906769        0.34
0.24697205160473187        0.28
0.19813771829777793         0.2
0.3134336715404395        0.29
0.2823668634079891        0.24
0.34238948245914735        0.34
0.33162573901602355        0.34
0.35765264142595615        0.35
0.25236360687009846        0.15
0.3281664641446479        0.32
0.22126662345375303        0.29
0.36302602202046846        0.34
0.3491195559724676        0.34
0.38349578166581294        0.41
0.282004969593347        0.32
0.3217242780740817        0.33
0.34558089848902623        0.34
0.2361296554499144        0.25
0.37223650922651313         0.4
0.2800116217330352        0.28
0.3206344980428169         0.3
0.1606035611634178        0.14
0.30884100835369027         0.3
0.2426938659842572        0.22
0.20019908580273107        0.22
0.33053075607843885        0.26
0.329672963906437        0.31
0.3140356258991961        0.35
0.3257748063881745        0.35
0.2381585422968407        0.22
0.2774141839829053        0.29
0.2123558476057156        0.21
0.28040400487555217        0.29
0.3368207914785009        0.31
0.32187865719748016        0.34
0.256533306179387        0.24
0.28970651104232237        0.32
0.14770326388680524        0.16
0.3175074927691579        0.32
0.3265079990673797        0.32
0.3209697611755276        0.35
0.3241674395154183        0.34
0.3300739822101888        0.36
0.29676617554467916        0.31
0.27555641084119536        0.26
0.3515004522489707        0.37
0.2883408452272063        0.25
0.273141912731428        0.24
0.30976508233587996         0.3
0.3189922254333391        0.34
0.29775397560067796        0.27
0.3324671875342256        0.31
0.36616724514825594        0.42
0.22599586771791252        0.23
0.31652607658503107         0.3
0.3341633777720865        0.35
0.34129440827338603        0.34
0.342054514916072        0.38
0.24876312201077777        0.22
0.2971522631798644        0.29
0.2848508965315002        0.35
0.2815480484780503         0.3
0.3272590041710226        0.35
0.30291457201207894         0.3
0.2730419338947936        0.27
0.2617565676179647        0.29
0.15988420255887137        0.16
0.25359557895026863        0.21
0.3692667481167023        0.37
0.300642665994906        0.28
0.32098753994063434         0.3
0.3191042866206112        0.32
0.2961451514832735        0.29
0.24757635709976067        0.26
0.25389790287696706        0.27
0.2735324826312788        0.29
0.376453091010763        0.38
0.3224586608313074        0.35
0.33411098241572423        0.34
0.2928180638132397        0.28
0.25823333664545156        0.26
0.30780553483035716        0.33
0.37315112730581784        0.38
0.22425088459157494        0.24
0.2916655039151706         0.3
0.2857619545160733        0.29
0.3120742680955923        0.29
0.3951253842300435        0.43
0.3578517303797847        0.39
0.24675610062915806        0.25
0.30474200443001365        0.27
0.2596206823460264        0.28
0.31028664269409495        0.31
0.3056034926819684         0.3
0.3381997721348793        0.36
0.20860595002802937        0.17
0.2659605107803566        0.27
0.37295006295392613        0.35
0.34995244569301226        0.36
0.28190654580664337        0.28
0.29984774610508885        0.29
0.19082909331560394        0.23
0.3124399388539429         0.3
0.18216619703316386        0.17
0.3181214989979078        0.34
0.39221526908660065        0.38
0.35798897309015937        0.35
0.25590910026896213        0.24
0.35810049814523676        0.39
0.19557503901502504        0.18
0.3000851017547061        0.31
0.28138458723973714        0.27
0.230458531044224        0.19
0.2350919953636482        0.28
0.3306085898822383        0.32
0.3358356418406886        0.39
0.28738787531081944        0.28
0.3006513000922363        0.26
0.3273699310370387        0.32
0.35470298145341195        0.36
0.2973328730244411        0.29
0.354730327832811        0.37
0.2564216188648072        0.23
0.3773412977550628         0.4
0.20457283941362647        0.22
0.2751808957669332        0.26
0.2797740156233792        0.29
0.33235445793878954        0.33
0.3301909571540496        0.36
0.27230808263494094        0.31
0.17847499676097517        0.15
0.3043204573263261         0.3
0.2858894402236242        0.28
0.3983076054100047        0.38
0.2351227781887249        0.19
0.33516516146121733        0.35
0.22782919928100484        0.21
0.30599524378848936         0.3
0.28112479628879417        0.22
0.2893925599394559        0.31
0.3246664889017185        0.36
0.3169502542396154        0.28
0.24131874536916462         0.2
0.2088774716557372        0.15
0.23459670284270173         0.3
0.3362392506527236        0.33
0.18833106935824853        0.17
0.23216317357348143        0.25
0.3166744527054279        0.31
0.33656353382916027         0.3
0.3086960458244669        0.29
0.2975979359616947        0.26
0.22430901120094407        0.28
0.24457321794287862        0.24
0.33332598982632244        0.32
0.33456744783186615        0.34
0.2510310450382114        0.27
0.3741159416343466         0.4
0.13861385601600432        0.15
0.18077381123558794        0.18
0.23661876693953712        0.24
0.4220250938408712        0.41
0.27683752863001504        0.29
0.3489970827270874        0.34
0.2103335957850995        0.16
0.14686591094537413        0.14
0.28447076794610815        0.31
0.222050372516994        0.24
0.1994926999015247        0.19
0.1941452631090589        0.18
0.3446533057800159        0.36
0.34369639644401306        0.34
0.3158621488286554        0.29
0.39490565786282983        0.42
0.2903112928030064        0.32
0.2999524713961842        0.28
0.3391777175775212        0.34
0.30123781280583695         0.3
0.17287751491832742        0.17
0.3656299788062836        0.36
0.20393374402564501        0.21
0.4209408112806714        0.43
0.25949085081313966        0.23
0.19594120369956233        0.19
0.34511810757882955        0.38
0.2786331617354593        0.27
0.36936404235134773        0.39
0.2785039829597373        0.29
0.4187023488341077         0.4
0.30172585747274633         0.3
0.25418273684466935        0.26
0.41056933107693266        0.41
0.3615933810526193        0.37
0.33922556270625737        0.35
0.32096360609851576        0.39
0.3561595410047552        0.36
0.3384915836637575        0.34
0.39232615566907514        0.42
0.3377420799118516        0.34
0.2502702607397887        0.23
0.22706337718481526        0.23
0.31299016611502956        0.39
0.25660377196539486        0.28
0.2577852465926729         0.2
0.11926764899270023        0.11
0.3700175830338801        0.36
0.3004560923870563        0.33
0.2992126433260872        0.29
0.31509825883337095        0.35
0.40109527789348653        0.41
0.2855248470699012        0.27
0.24034820929195314        0.24
0.2976867131634782         0.3
0.2719950322599239         0.3
0.21349020626038026        0.23
0.40383410912865747        0.46
0.23466658644161628        0.21
0.1940778245853473        0.19
0.3064001236631218        0.43
0.31427547245450466         0.3
